029470000105
089686180657
5011157996592
80042532
8886467103506
8901042955988
9300617074410
9300619513085
9300631448754
9300632012268
9300633005184
9300633292355
9300633320775
9300633557072
9300633719234
9300633945138
9300644706704
9300657820251
9300701880866
9300830057504
9310072001777
9310088013184
9310140283807
9310155414814
9310432001454
9310998101018
9312631168853
9339687011254
9400097041145
9400547020232
9400574005158
9400574005752
9400593002411
9400597018715
9400597027335
9403102000922
9403110063544
9403110065944
9415022032990
9415107116447
9415107225309
9415187009318
9415317003131
9415767677203
9416050524914
9416050588718
9418315127380
9420039513295
9421902213007